%YAML:1.0
RE-C:
   x: 1043
   y: 557
LE-C:
   x: 1262
   y: 572
N-C:
   x: 1231
   y: 687
FO-B:
   x: 1161
   y: 1000
REL-O:
   x: 975
   y: 565
REL-I:
   x: 1082
   y: 576
REL-T:
   x: 1048
   y: 535
REL-B:
   x: 1039
   y: 581
LEL-O:
   x: 1295
   y: 587
LEL-I:
   x: 1198
   y: 581
LEL-T:
   x: 1264
   y: 552
LEL-B:
   x: 1263
   y: 596
REB-O:
   x: 902
   y: 515
REB-I:
   x: 1100
   y: 500
LEB-O:
   x: 0
   y: 0
LEB-I:
   x: 1218
   y: 519
RN-C:
   x: 1165
   y: 713
RN-O:
   x: 1101
   y: 709
LN-C:
   x: 0
   y: 0
LN-O:
   x: 0
   y: 0
M-OR:
   x: 1052
   y: 827
M-OL:
   x: 1229
   y: 828
M-OT:
   x: 1188
   y: 792
M-IT:
   x: 1181
   y: 813
M-OB:
   x: 1179
   y: 817
M-IB:
   x: 1173
   y: 842
REA-B:
   x: 772
   y: 782
LEA-B:
   x: 0
   y: 0
FO-L:
   x: 0
   y: 0
FO-R:
   x: 844
   y: 892
